75 78 81 82 80
14 15 18 21 24 26 28 28
61 63 64 66 68 70 73 77
13 14 17 18 19 26
33 34 36 36 39
6 6 9 11 12 13 16
22 26 29 30 31 32 34 36
79 83 81 84 86
14 19 20 22 25 27 29 31
10 16 13 15 16 19
79 76 74 73 70 73
13 12 11 9 9
53 51 49 47 43
59 58 55 52 50 47 46 39
80 77 76 76 74 73
32 34 30 27 25 23
30 30 27 26 25
58 54 52 50 48
92 86 85 83 80 78 75
72 67 69 68 65 63
47 48 50 53 52
49 50 53 54 56 57 57
43 46 47 49 52 56
84 85 86 87 88 91 96
55 58 60 60 63
45 45 47 50 52 54 57 58
21 25 28 31 33 36
49 53 51 52 53 55 56
61 68 71 74 76 77 78
30 27 26 24 22 24
32 30 28 26 24 22 22
46 44 43 41 39 35
65 62 60 59 57 52
22 20 17 14 11 13 10 8
35 34 31 29 29 27 26 24
50 52 50 53 56
24 27 23 22 20
20 20 17 15 12 9
25 21 19 16 14 11
38 34 37 35 34
55 48 46 44 41
63 61 59 57 54 51 50 46
86 84 81 84 79
64 63 62 60 58 60 56
52 57 54 55 56 57 59
53 57 59 60 62 65
72 74 75 76 77 78 82
30 28 25 23 21 18 16 17
30 31 34 39 37
86 83 82 81 79 76 71
32 33 33 34 37 40 43
85 85 82 80 79 78 76
79 81 77 74 72 71 70
10 10 11 13 16 19 21
18 14 11 8 6 4 3 1
51 50 47 44 42 40 38 38
53 46 45 44 42 39
76 72 73 72 70
8 11 14 17 19 22 20
61 64 67 68 69 72 74 77
58 60 61 64 65 68 71
61 63 65 68 71 74 76
18 21 24 27 30 32
15 17 18 21 22 24 26
40 41 44 46 48 49 51
35 37 39 41 44 45
9 12 13 15 17 20
32 34 36 38 40 43
60 58 57 55 52 49
68 67 65 62 60 57 55 53
34 35 36 39 42 45 47 48
22 21 20 18 16 13 10 9
76 77 79 81 83
81 82 85 86 89 92 95
24 27 28 30 31 34 37 40
2 5 8 10 13 15 18
76 79 81 84 87 88
41 40 39 37 36 34 33 32
29 27 25 22 21 18
83 81 78 77 74 73 72
97 94 92 90 89
35 37 40 42 45 48
33 32 30 29 27 25
18 17 16 15 14 11 10
67 69 70 71 73 76 77 80
44 43 41 40 37 36
68 65 63 62 61 59
87 86 83 82 80 78
41 38 37 34 31 29
5 7 8 11 13 14
59 61 62 65 66
20 21 24 26 28 31 32 33
33 36 38 39 41 42 44
42 41 39 37 34 33 31
18 21 23 26 29 32 33
88 87 85 82 79
60 61 62 65 68
82 80 77 76 73
20 18 15 14 11 9
84 82 79 77 74 73 72 70
66 63 62 61 58 56 53
44 43 41 39 37
82 79 78 75 73 72 69
76 77 78 81 82 84
8 11 13 14 16 18
17 20 22 25 27 30 31 32
74 72 70 67 65 63 60 57
14 13 11 9 8 7 5
59 61 63 66 67 70
81 83 84 85 88 91
42 41 39 37 34 33
36 39 40 41 42
56 55 52 49 46 43 41 38
74 73 72 69 66 63 60
80 81 82 85 87
56 57 59 60 61
9 8 7 6 3 2
22 19 18 17 16
36 39 41 44 46 48 49
4 7 9 12 14 17
46 44 43 41 38 36 33 32
86 84 82 81 78
61 64 65 66 67 69
45 47 49 50 52 54
24 22 20 19 18 17
23 25 27 28 29 31 32
36 33 31 28 26
7 9 12 14 16
8 11 14 17 18 19 20
86 88 90 92 95 97 98
74 75 78 81 82
68 66 65 62 59 56
57 58 61 62 63
35 37 39 41 43 45 46 48
87 85 84 81 78 75 72
59 58 57 54 51
67 68 71 72 74
12 13 16 19 20
39 42 45 47 50 53 54 55
78 76 74 73 72 71 70
16 17 19 21 22 23 25 27
26 28 29 31 33
50 51 54 55 58 60 61 63
81 84 85 88 90 92 94
99 97 95 93 90 89 86
26 29 30 31 33
49 46 43 42 39 38 37 35
49 48 46 45 43 41 38
22 20 18 16 14 11 9
13 15 17 19 22 23 26 28
70 73 75 78 79
82 81 79 76 73 70 68 66
35 34 33 31 29 26
16 14 13 12 9 8 5 3
73 74 76 77 79 82 85 88
61 64 66 69 72 75
89 90 93 95 96
84 81 80 77 75 72 69
10 9 8 7 5 3 1
95 94 92 91 88 87 86
51 52 53 56 57
98 97 95 92 89 88 87 86
74 72 71 68 65
61 59 58 56 53
46 49 50 51 53 55 57 59
86 83 80 79 76
44 42 41 38 37
53 54 56 57 60 63 65 68
62 63 64 65 67
94 91 88 87 86
47 44 42 39 37 34
42 44 45 48 49 52
44 42 40 38 35 33 31 28
55 52 50 47 46 44
80 79 76 75 73 71 68
51 49 48 46 44
13 16 19 21 22
42 40 39 38 35 34 31 29
63 62 60 57 55 52
52 49 46 44 43 41 38
16 13 11 10 8 7 6
57 58 60 62 65 68 69 71
23 22 19 16 14 11 9
56 55 52 51 50 49
15 13 11 8 7
70 68 65 63 62 59
76 79 80 81 83 86 89
74 71 69 68 66 63 61 60
18 16 13 10 7 6 3 1
49 47 44 42 41 39 38 35
80 78 77 76 74 73
91 94 95 97 99
70 69 68 66 64
58 60 61 62 63 66
62 63 66 69 70 72 73
50 51 53 54 57 59
34 32 29 26 25
11 9 8 5 2
42 39 36 35 33 31 28
56 59 61 62 65 67
80 77 76 73 70 69
42 40 38 35 32
61 63 64 67 70
90 89 87 84 83 81 80 77
36 33 30 29 26 25 22 21
60 58 56 54 53 50 49
87 89 91 93 96 98
49 52 53 56 59
35 38 40 43 45 46 47 50
41 44 45 48 49
75 72 71 69 68 67 64
36 34 31 30 28 26 25 23
18 15 14 12 11
42 39 38 37 35
38 40 41 42 44 47
16 14 11 8 7
31 30 27 26 25
66 68 70 71 72 74
58 57 54 51 49 47 45 44
31 34 36 39 41 42
51 49 48 47 46 43 41 39
43 44 45 47 48 50
90 89 88 87 84 82 79
21 24 26 28 30 31
53 50 47 45 42 41
27 24 22 21 19
25 28 29 32 33 34
12 13 15 18 20 21 23 26
75 72 71 70 68 67 64
14 11 9 7 4 2
31 32 34 36 39 41 43 46
55 57 58 59 61 64
45 47 50 51 53
53 51 49 48 45 43 41 40
28 30 31 34 35 36 39
55 52 51 50 48 47 45
5 8 9 11 13 16 17 20
66 68 69 72 75 78
62 65 67 70 73
45 47 50 51 52 55
27 29 31 32 34
90 89 86 85 84 81 78
66 63 61 59 58 57
44 42 41 38 35
80 83 84 86 87 90 92
93 90 87 86 85
64 66 67 68 71 74 77 80
52 53 54 56 58 59 61 62
75 74 73 72 70 68
93 91 88 87 86 84 81 80
10 11 13 16 19
81 80 78 75 72 69 66 64
50 48 45 42 41 38 35 34
66 69 72 75 78 80 82 85
75 72 70 67 64
33 31 30 28 26 25 23
51 54 57 59 62 64 65
39 42 44 45 47 50
24 25 27 29 31
18 15 14 12 9 6 5 4
15 14 13 10 8 5 3 1
13 14 17 19 20 23 25 28
45 42 41 38 37
49 47 45 44 41 38 36 34
26 29 32 35 37
24 26 27 29 31
68 70 72 73 76 79 82
60 59 57 54 52 49 46 43
58 59 60 62 65 66
12 14 15 18 19 21
85 88 89 90 93 96
22 23 24 27 28 29 31
38 41 44 47 49 52
52 49 47 45 42 40 39
77 78 79 80 81
32 35 36 38 40 42 43 44
70 72 73 75 78
36 37 38 41 43 46
40 42 45 46 48 51
23 22 20 19 17 16 15
93 91 88 87 85
36 35 32 31 28 26
61 62 64 67 68 70 73
38 35 32 30 28
6 9 12 13 16 18 19
48 51 52 53 55 57 58
16 14 12 9 6 5 4 2
49 48 47 44 41 39 37 36
70 67 65 63 62 59 57 56
46 48 50 51 54
83 80 77 76 74 72 70 68
58 55 53 51 48 46 45 42
37 40 43 45 46
6 8 10 13 15 16 18
32 33 36 37 39
24 21 19 18 16 15 12 9
54 52 50 47 45
6 7 9 11 12 14 16 17
85 84 83 81 79
60 63 65 68 69 71 74 75
71 73 76 78 81 83 86 87
17 15 14 12 9
35 36 39 40 41
53 56 57 60 61 63
66 69 72 74 77 79
2 3 4 6 8 10
15 12 9 8 5 3
39 40 41 44 46 47 50
77 75 74 71 69 66
78 79 81 82 83 86
60 58 57 55 54 51 48 45
38 39 40 41 44
47 46 44 43 41 40 39 36
70 68 67 64 62 59 56 54
19 22 24 27 30 33 35 38
57 54 53 50 47
16 18 19 22 24 27
62 60 57 54 53 51 50
6 7 8 11 14 15
30 32 35 38 39 42
23 22 19 17 15
70 73 76 78 80
87 84 83 80 78
81 83 85 87 88 90 91 92
34 33 31 28 25 24
79 77 75 73 70 67 64 61
20 21 24 25 26 29 32
58 61 63 65 68 70 72
17 20 23 24 27 30
73 76 79 80 83 86 88 90
50 52 54 57 60
15 13 11 10 8 5 3 2
91 89 88 86 83 81
81 84 86 88 90 92
82 85 88 91 94
28 30 32 35 38 39 40 42
88 86 83 80 77 76 74 71
43 41 39 37 34
34 36 37 38 39
67 65 63 61 60 57 56
50 47 44 42 41 39
42 44 45 47 49 52 55 58
23 24 25 26 27 29 30
80 78 76 75 72 69 66 65
33 36 37 40 41 44 46
19 22 25 26 28 29
19 20 23 24 26
86 87 88 90 91 93 94 96
75 76 77 78 80
10 13 16 19 20 22 23 26
11 13 14 15 18 20
78 81 82 83 86 87
81 82 84 85 86 87
67 68 70 72 75
17 16 13 11 9 7 4
90 91 94 95 96 99
84 85 87 88 89 92
90 89 88 87 84 81
22 24 27 30 32 35 36 37
55 52 50 47 44
99 97 94 92 91 89
25 22 21 19 18 17
45 44 42 41 39 36 35 34
48 46 43 41 40 37
29 31 34 37 39
54 53 51 49 47 46 45
13 10 9 7 5 3
61 60 58 57 55 54 52 49
54 53 51 48 46 44 41 40
22 21 20 17 15 14 11 10
46 45 44 42 39 37 35 32
80 82 84 85 88
42 40 38 36 35 33 32
49 50 52 54 57 60
62 65 68 71 72 74 77 80
69 66 63 62 61 59 58
42 41 38 36 33 30
55 54 51 50 47
35 33 31 30 28 27 26
55 58 60 63 65
